layer_height,wall_thickness,infill_density,nozzle_temperature,bed_temperature,print_speed,fan_speed,infill_pattern_honeycomb,material_pla,roughness,tension_strenght,elongation
0.02,8,90,220,60,40,0,False,False,25,18,1.2
0.02,7,90,225,65,40,25,True,False,32,16,1.4
0.02,1,80,230,70,40,50,False,False,40,8,0.8
0.02,4,70,240,75,40,75,True,False,68,10,0.5
0.02,6,90,250,80,40,100,False,False,92,5,0.7
0.02,10,40,200,60,40,0,True,True,60,24,1.1
0.02,5,10,205,65,40,25,False,True,55,12,1.3
0.02,10,10,210,70,40,50,True,True,21,14,1.5
0.02,9,70,215,75,40,75,False,True,24,27,1.4
0.02,8,40,220,80,40,100,True,True,30,25,1.7
0.06,6,80,220,60,60,0,False,False,75,37,2.4
0.06,2,20,225,65,60,25,True,False,92,12,1.4
0.06,10,50,230,70,60,50,False,False,118,16,1.3
0.06,6,10,240,75,60,75,True,False,200,9,0.8
0.06,3,50,250,80,60,100,False,False,220,10,1.0
0.06,10,90,200,60,60,0,True,True,126,27,2.2
0.06,3,40,205,65,60,25,False,True,145,23,1.9
0.06,8,30,210,70,60,50,True,True,88,26,1.6
0.06,5,80,215,75,60,75,False,True,92,33,2.1
0.06,10,50,220,80,60,100,True,True,74,29,2.0
0.15,4,50,220,60,60,0,False,False,168,27,2.4
0.15,7,10,225,65,60,25,True,False,154,19,1.8
0.15,6,50,230,70,60,50,False,False,225,18,1.4
0.15,1,50,240,75,60,75,True,False,289,9,0.6
0.15,7,80,250,80,60,100,False,False,326,13,0.7
0.15,3,80,200,60,60,0,True,True,192,33,2.8
0.15,4,50,205,65,60,25,False,True,212,24,1.8
0.15,10,30,210,70,60,50,True,True,168,26,2.1
0.15,6,40,215,75,60,75,False,True,172,22,2.3
0.15,1,10,220,80,60,100,True,True,163,4,0.7
0.2,4,80,220,60,40,0,False,False,212,35,3.3
0.2,9,90,225,65,40,25,True,False,276,34,3.1
0.2,7,30,230,70,40,50,False,False,298,28,2.2
0.2,6,90,240,75,40,75,True,False,360,28,1.6
0.2,3,80,250,80,40,100,False,False,357,21,1.1
0.2,5,60,200,60,40,0,True,True,321,28,2.7
0.2,4,20,205,65,40,25,False,True,265,14,1.8
0.2,5,60,210,70,40,50,True,True,278,30,3.2
0.2,7,40,215,75,40,75,False,True,244,29,3.2
0.2,3,60,220,80,40,100,True,True,220,27,3.1
